,source_train_loss,source_train_accuracy,source_test_loss,source_test_accuracy,target_test_loss,target_test_accuracy
Epoch1,0.022723931819200516,15.950520833333334,0.02733164263847179,50.37593984962406,0.028518889482158766,27.06766917293233
Epoch2,0.0199087574146688,69.7265625,0.02311807706541286,85.46365914786968,0.02640414716008313,53.1328320802005
Epoch3,0.016433804684008162,91.86197916666666,0.0188432704834711,91.72932330827066,0.02451085088247046,62.15538847117794
Epoch4,0.013342170510441065,94.66145833333334,0.015297684454380121,94.48621553884712,0.022878044529965048,62.15538847117794
Epoch5,0.010773018778612217,95.24739583333334,0.012520361364933482,95.48872180451127,0.02131451341442596,61.904761904761905
Epoch6,0.008819888035456339,95.3125,0.01038700894903121,94.73684210526315,0.02021035783571707,66.66666666666666
Epoch7,0.007395959420440097,95.1171875,0.00889160534493009,93.734335839599,0.019140582335622686,64.66165413533834
Epoch8,0.006321622213969628,95.83333333333334,0.00779569537418528,94.73684210526315,0.01815356108777804,65.91478696741855
Epoch9,0.005421281753418346,96.484375,0.00693026924491825,95.23809523809523,0.01777831414588412,63.90977443609023
Epoch10,0.004799786683482428,96.54947916666666,0.006183023440807983,95.73934837092732,0.016941095354563014,66.16541353383458
Epoch11,0.004330742580350488,96.15885416666666,0.0056097940693523056,95.23809523809523,0.016361287363190997,68.1704260651629
Epoch12,0.0038854810603273413,96.54947916666666,0.005156241114575761,95.48872180451127,0.016074266051290028,65.16290726817043
Epoch13,0.0035747038976599774,96.61458333333334,0.004859056538507753,95.73934837092732,0.015660058585623454,66.66666666666666
Epoch14,0.0033124303057168922,96.41927083333334,0.004458226506273848,95.23809523809523,0.015484557414712165,66.16541353383458
Epoch15,0.002998366350463281,96.6796875,0.004275956398861152,94.48621553884712,0.01508219738054395,68.1704260651629
Epoch16,0.002826765839320918,97.00520833333334,0.0037576882612137567,96.2406015037594,0.014868696829430143,70.67669172932331
Epoch17,0.0026466765945466855,96.94010416666666,0.0036931512200443968,96.2406015037594,0.014596657944203619,67.66917293233082
Epoch18,0.0024986011849250644,97.72135416666666,0.0036487571876449394,95.23809523809523,0.01427072062528223,68.42105263157895
Epoch19,0.002384516866489624,97.39583333333334,0.0033069745938580737,95.73934837092732,0.014294634486798356,65.41353383458647
Epoch20,0.0023061434039846063,97.00520833333334,0.0032910617969388652,95.23809523809523,0.014091871137308297,68.1704260651629
