,source_train_loss,source_train_accuracy,source_test_loss,source_test_accuracy,target_test_loss,target_test_accuracy
Epoch1,0.023129155859351158,9.700520833333332,0.028526324676093003,34.08521303258145,0.028602944280868185,33.33333333333333
Epoch2,0.02126889784509937,42.90364583333333,0.025731204446395834,64.91228070175438,0.0259829684905241,65.16290726817043
Epoch3,0.018917296392222244,79.296875,0.0227714122686171,82.45614035087719,0.023099851488768308,78.44611528822055
Epoch4,0.016725887854894,85.02604166666666,0.020054824668960764,84.21052631578947,0.02058907499289453,81.203007518797
Epoch5,0.014773917694886526,87.890625,0.01780932140828374,86.71679197994987,0.018330346372790803,83.95989974937343
Epoch6,0.012995391385629773,88.0859375,0.015804685148081386,86.96741854636592,0.016646194278745724,81.95488721804512
Epoch7,0.011617665101463595,88.41145833333334,0.014054530545284874,86.21553884711778,0.01499739356507036,82.95739348370927
Epoch8,0.010356909595429897,90.16927083333334,0.01281956980999251,87.71929824561403,0.013466636937363703,84.46115288220551
Epoch9,0.009433122274155417,90.16927083333334,0.011644471558114341,88.47117794486216,0.01252633437775729,83.45864661654136
Epoch10,0.008485481996710101,91.47135416666666,0.010916856894815774,87.71929824561403,0.011918780498934868,82.70676691729322
Epoch11,0.007762811107871433,91.14583333333334,0.009939672952905335,87.468671679198,0.01088396260015349,84.71177944862156
Epoch12,0.007141403233011563,91.27604166666666,0.009252787233892838,87.96992481203007,0.010087384167769201,83.95989974937343
Epoch13,0.006613641628064215,91.40625,0.00871512122022777,87.71929824561403,0.009376071897664465,86.96741854636592
Epoch14,0.00622915201044331,91.08072916666666,0.008230211143206833,88.7218045112782,0.009283082377641722,83.95989974937343
Epoch15,0.0058203454439838724,92.83854166666666,0.007640681768718518,89.47368421052632,0.008641995732348067,85.71428571428571
Epoch16,0.005504100350663066,92.31770833333334,0.007480002734296603,89.22305764411027,0.008341867224614424,83.95989974937343
Epoch17,0.005218354519456625,92.3828125,0.007264616794155953,88.47117794486216,0.00804030372385393,84.21052631578947
Epoch18,0.004937159479595721,92.578125,0.006834904502208968,88.7218045112782,0.007894444883915415,84.9624060150376
Epoch19,0.004695050961648424,93.29427083333334,0.006639182119441212,88.7218045112782,0.007313654386907592,86.46616541353383
Epoch20,0.004500138476335754,92.64322916666666,0.006171457898945438,88.7218045112782,0.007388144507443994,85.96491228070175
