,source_train_loss,source_train_accuracy,source_test_loss,source_test_accuracy,target_test_loss,target_test_accuracy
Epoch1,0.022992126177996397,10.15625,0.028534251645692905,27.819548872180448,0.02833650763471025,31.82957393483709
Epoch2,0.021126983997722466,46.2890625,0.025964250540673584,61.40350877192983,0.025411216836226613,72.4310776942356
Epoch3,0.01885747614627083,77.40885416666666,0.023020169489963313,75.6892230576441,0.02208922142372992,88.7218045112782
Epoch4,0.016583478388686974,86.84895833333334,0.020410728932622083,82.20551378446115,0.019141719156040585,89.97493734335839
Epoch5,0.014603732929875454,88.21614583333334,0.018078710501056566,86.21553884711778,0.016811259109573557,87.468671679198
Epoch6,0.012872599142914018,89.12760416666666,0.016478780815774637,83.45864661654136,0.014845862723233407,88.7218045112782
Epoch7,0.01156858184064428,88.80208333333334,0.014657993663223763,83.70927318295739,0.012750334010685895,89.97493734335839
Epoch8,0.010271003935486078,90.4296875,0.01337724460993793,85.96491228070175,0.01139615591904872,89.22305764411027
Epoch9,0.009307075059041381,90.49479166666666,0.012362323010475714,85.71428571428571,0.010564207433160385,91.47869674185463
Epoch10,0.008437043948409459,90.49479166666666,0.011228904090728378,85.46365914786968,0.009312325103539871,91.22807017543859
Epoch11,0.007632480235770345,91.47135416666666,0.010760721407438579,85.46365914786968,0.008490672535764842,90.47619047619048
Epoch12,0.007148557885860403,90.95052083333334,0.009994914507806152,85.96491228070175,0.007732266172729339,91.72932330827066
Epoch13,0.006658265871616702,91.6015625,0.00941963467681617,85.71428571428571,0.007332985114334221,91.22807017543859
Epoch14,0.006199098192155361,91.34114583333334,0.008816017244095193,86.21553884711778,0.0070317390568573074,91.72932330827066
Epoch15,0.005804072095391651,91.40625,0.008627349870246753,86.46616541353383,0.006591094018223889,90.72681704260651
Epoch16,0.0054495859270294504,92.70833333333334,0.008156150056604753,86.46616541353383,0.0059944456980043186,91.47869674185463
Epoch17,0.00514551248246183,93.03385416666666,0.007875545431199229,86.71679197994987,0.005995584759198334,90.72681704260651
Epoch18,0.004836274194531143,92.578125,0.007494123657245684,85.46365914786968,0.005747446290831219,91.22807017543859
Epoch19,0.004679777038594087,92.44791666666666,0.007156610040736378,87.468671679198,0.005331785756543765,92.4812030075188
Epoch20,0.00443711259867996,93.09895833333334,0.006972155325992364,89.22305764411027,0.005111082006516612,91.97994987468672
