,source_train_loss,source_train_accuracy,source_test_loss,source_test_accuracy,target_test_loss,target_test_accuracy
Epoch1,0.022652952931821346,21.158854166666664,0.02740808357869772,59.14786967418546,0.028291090986782445,33.33333333333333
Epoch2,0.01979132244984309,73.4375,0.023302614838258365,83.70927318295739,0.025527785595198322,58.64661654135338
Epoch3,0.016391267767176032,89.84375,0.019126172053784057,91.72932330827066,0.022504295024059172,74.68671679197995
Epoch4,0.01325887069106102,93.5546875,0.01535333368114959,92.98245614035088,0.01984814743051553,79.69924812030075
Epoch5,0.010763373225927353,94.59635416666666,0.012911520207436163,93.98496240601504,0.018123512578787363,78.44611528822055
Epoch6,0.008748702976542214,95.24739583333334,0.010495259050737348,93.98496240601504,0.01624880458478043,81.203007518797
Epoch7,0.007380102062597871,94.98697916666666,0.00893646762484596,95.23809523809523,0.01482644326107245,79.19799498746866
Epoch8,0.006239519299318393,95.703125,0.007870011461109744,94.73684210526315,0.013670720850913446,81.95488721804512
Epoch9,0.005458911065943539,95.3125,0.007183721191004703,95.23809523809523,0.012915424236976412,80.7017543859649
Epoch10,0.004782559854599337,95.8984375,0.006398323335145649,94.9874686716792,0.01228516980221397,81.203007518797
Epoch11,0.004246815709241976,95.83333333333334,0.005840247585659935,95.23809523809523,0.01188391969915022,81.203007518797
Epoch12,0.003863627731334418,96.22395833333334,0.005375402015552186,94.9874686716792,0.011195947651875048,81.45363408521304
Epoch13,0.003558910956295828,96.80989583333334,0.005038521642374215,95.23809523809523,0.010753156995414792,81.45363408521304
Epoch14,0.003248489403631538,96.74479166666666,0.004498271192225597,95.73934837092732,0.010340033169079544,81.203007518797
Epoch15,0.00304847105871886,97.13541666666666,0.004460600832649938,95.73934837092732,0.010336069833664667,81.70426065162907
Epoch16,0.0028495100365641215,97.13541666666666,0.004198871758348661,95.48872180451127,0.009979379953895895,81.203007518797
Epoch17,0.002628586885596936,97.20052083333334,0.004066855761042812,95.98997493734336,0.009520190252098524,80.45112781954887
Epoch18,0.0024934891844168305,96.94010416666666,0.0038341477998814787,95.98997493734336,0.009362937812518356,82.20551378446115
Epoch19,0.0024037970773254833,97.265625,0.0035979037446186956,95.98997493734336,0.009105424235637923,81.45363408521304
Epoch20,0.002225578335734705,97.72135416666666,0.0035449093893954627,95.73934837092732,0.00913335969274803,81.70426065162907
